sets     i locations /1*13/
alias    (i,j);

table  c(i,j)

    1     2     3     4     5     6     7     8     9     10     11     12     13
1   0     1550  1050  1050  1550  1150  650   650   1150  750    250    250    750
2   1550  0     500   1000  1500  400   900   1400  1900  800    1300   1800   2300
3   1050  500   0     500   1000  900   400   900   1400  1300   800    1300   1800
4   1050  1000  500   0     500   1400  900   400   900   1800   1300   800    1300
5   1550  1500  1000  500   0     1900  1400  900   400   2300   1800   1300   800
6   1150  400   900   1400  1900  0     500   1000  1500  400    900    1400   1900
7   650   900   400   900   1400  500   0     500   1000  900    400    900    1400
8   650   1400  900   400   900   1000  500   0     500   1400   900    400    900
9   1150  1900  1400  900   400   1500  1000  500   0     1900   1400   900    400
10  750   800   1300  1800  2300  400   900   1400  1900  0      500    1000   1500
11  250   1300  800   1300  1800  900   400   900   1400  500    0      500    1000
12  250   1800  1300  800   1300  1400  900   400   900   1000   500    0      500
13  750   2300  1800  1300  800   1900  1400  900   400   1500   1000   500    0

;


variable Z ;
Binary variable x(i,j);
free variable u(i) ;

Equation
eq_obj

eq3
eq4
eq5
;

eq_obj.. Z =e= sum((i,j),c(i,j)*x(i,j));

eq3(i)..        sum(j$(ord(i) ne ord(j)),(x(i,j))) =e= 1;
eq4(j)..        sum(i$(ord(j) ne ord(i)),(x(i,j))) =e= 1;
eq5(i,j)$ ((ord(i) ne 1) and (ord(j) ne 1) and (ord(j) ne ord(i)))..
                                   u(i)- u(j) + 13*X(i,j)=l= 12 ;


Model MODEL1 /all/ ;

option optcr=0 ;

solve MODEL1 using MIP minimizing Z;


